# 3ds Max Wavefront OBJ Exporter v0.97b - (c)2007 guruware
# File Created: 25.11.2016 16:04:09

#
# object Sphere001
#

v  0.0000 2.0000 -0.0000
v  -0.0000 1.9021 -0.6180
v  -0.1910 1.9021 -0.5878
v  -0.3633 1.9021 -0.5000
v  -0.5000 1.9021 -0.3633
v  -0.5878 1.9021 -0.1910
v  -0.6180 1.9021 0.0000
v  -0.5878 1.9021 0.1910
v  -0.5000 1.9021 0.3633
v  -0.3633 1.9021 0.5000
v  -0.1910 1.9021 0.5878
v  0.0000 1.9021 0.6180
v  0.1910 1.9021 0.5878
v  0.3633 1.9021 0.5000
v  0.5000 1.9021 0.3633
v  0.5878 1.9021 0.1910
v  0.6180 1.9021 -0.0000
v  0.5878 1.9021 -0.1910
v  0.5000 1.9021 -0.3633
v  0.3633 1.9021 -0.5000
v  0.1910 1.9021 -0.5878
v  -0.0000 1.6180 -1.1756
v  -0.3633 1.6180 -1.1180
v  -0.6910 1.6180 -0.9511
v  -0.9511 1.6180 -0.6910
v  -1.1180 1.6180 -0.3633
v  -1.1756 1.6180 0.0000
v  -1.1180 1.6180 0.3633
v  -0.9511 1.6180 0.6910
v  -0.6910 1.6180 0.9511
v  -0.3633 1.6180 1.1180
v  0.0000 1.6180 1.1756
v  0.3633 1.6180 1.1180
v  0.6910 1.6180 0.9511
v  0.9511 1.6180 0.6910
v  1.1180 1.6180 0.3633
v  1.1756 1.6180 -0.0000
v  1.1180 1.6180 -0.3633
v  0.9511 1.6180 -0.6910
v  0.6910 1.6180 -0.9511
v  0.3633 1.6180 -1.1180
v  -0.0000 1.1756 -1.6180
v  -0.5000 1.1756 -1.5388
v  -0.9511 1.1756 -1.3090
v  -1.3090 1.1756 -0.9511
v  -1.5388 1.1756 -0.5000
v  -1.6180 1.1756 0.0000
v  -1.5388 1.1756 0.5000
v  -1.3090 1.1756 0.9511
v  -0.9511 1.1756 1.3090
v  -0.5000 1.1756 1.5388
v  0.0000 1.1756 1.6180
v  0.5000 1.1756 1.5388
v  0.9511 1.1756 1.3090
v  1.3090 1.1756 0.9511
v  1.5388 1.1756 0.5000
v  1.6180 1.1756 -0.0000
v  1.5388 1.1756 -0.5000
v  1.3090 1.1756 -0.9511
v  0.9511 1.1756 -1.3090
v  0.5000 1.1756 -1.5388
v  -0.0000 0.6180 -1.9021
v  -0.5878 0.6180 -1.8090
v  -1.1180 0.6180 -1.5388
v  -1.5388 0.6180 -1.1180
v  -1.8090 0.6180 -0.5878
v  -1.9021 0.6180 0.0000
v  -1.8090 0.6180 0.5878
v  -1.5388 0.6180 1.1180
v  -1.1180 0.6180 1.5388
v  -0.5878 0.6180 1.8090
v  0.0000 0.6180 1.9021
v  0.5878 0.6180 1.8090
v  1.1180 0.6180 1.5388
v  1.5388 0.6180 1.1180
v  1.8090 0.6180 0.5878
v  1.9021 0.6180 -0.0000
v  1.8090 0.6180 -0.5878
v  1.5388 0.6180 -1.1180
v  1.1180 0.6180 -1.5388
v  0.5878 0.6180 -1.8090
v  -0.0000 -0.0000 -2.0000
v  -0.6180 -0.0000 -1.9021
v  -1.1756 -0.0000 -1.6180
v  -1.6180 -0.0000 -1.1756
v  -1.9021 -0.0000 -0.6180
v  -2.0000 -0.0000 0.0000
v  -1.9021 -0.0000 0.6180
v  -1.6180 -0.0000 1.1756
v  -1.1756 -0.0000 1.6180
v  -0.6180 -0.0000 1.9021
v  0.0000 -0.0000 2.0000
v  0.6180 -0.0000 1.9021
v  1.1756 -0.0000 1.6180
v  1.6180 -0.0000 1.1756
v  1.9021 -0.0000 0.6180
v  2.0000 -0.0000 -0.0000
v  1.9021 -0.0000 -0.6180
v  1.6180 -0.0000 -1.1756
v  1.1756 -0.0000 -1.6180
v  0.6180 -0.0000 -1.9021
v  -0.0000 -0.6180 -1.9021
v  -0.5878 -0.6180 -1.8090
v  -1.1180 -0.6180 -1.5388
v  -1.5388 -0.6180 -1.1180
v  -1.8090 -0.6180 -0.5878
v  -1.9021 -0.6180 0.0000
v  -1.8090 -0.6180 0.5878
v  -1.5388 -0.6180 1.1180
v  -1.1180 -0.6180 1.5388
v  -0.5878 -0.6180 1.8090
v  0.0000 -0.6180 1.9021
v  0.5878 -0.6180 1.8090
v  1.1180 -0.6180 1.5388
v  1.5388 -0.6180 1.1180
v  1.8090 -0.6180 0.5878
v  1.9021 -0.6180 -0.0000
v  1.8090 -0.6180 -0.5878
v  1.5388 -0.6180 -1.1180
v  1.1180 -0.6180 -1.5388
v  0.5878 -0.6180 -1.8090
v  -0.0000 -1.1756 -1.6180
v  -0.5000 -1.1756 -1.5388
v  -0.9511 -1.1756 -1.3090
v  -1.3090 -1.1756 -0.9511
v  -1.5388 -1.1756 -0.5000
v  -1.6180 -1.1756 0.0000
v  -1.5388 -1.1756 0.5000
v  -1.3090 -1.1756 0.9511
v  -0.9511 -1.1756 1.3090
v  -0.5000 -1.1756 1.5388
v  0.0000 -1.1756 1.6180
v  0.5000 -1.1756 1.5388
v  0.9511 -1.1756 1.3090
v  1.3090 -1.1756 0.9511
v  1.5388 -1.1756 0.5000
v  1.6180 -1.1756 -0.0000
v  1.5388 -1.1756 -0.5000
v  1.3090 -1.1756 -0.9511
v  0.9511 -1.1756 -1.3090
v  0.5000 -1.1756 -1.5388
v  -0.0000 -1.6180 -1.1756
v  -0.3633 -1.6180 -1.1180
v  -0.6910 -1.6180 -0.9511
v  -0.9511 -1.6180 -0.6910
v  -1.1180 -1.6180 -0.3633
v  -1.1756 -1.6180 0.0000
v  -1.1180 -1.6180 0.3633
v  -0.9511 -1.6180 0.6910
v  -0.6910 -1.6180 0.9511
v  -0.3633 -1.6180 1.1180
v  0.0000 -1.6180 1.1756
v  0.3633 -1.6180 1.1180
v  0.6910 -1.6180 0.9511
v  0.9511 -1.6180 0.6910
v  1.1180 -1.6180 0.3633
v  1.1756 -1.6180 -0.0000
v  1.1180 -1.6180 -0.3633
v  0.9511 -1.6180 -0.6910
v  0.6910 -1.6180 -0.9511
v  0.3633 -1.6180 -1.1180
v  -0.0000 -1.9021 -0.6180
v  -0.1910 -1.9021 -0.5878
v  -0.3633 -1.9021 -0.5000
v  -0.5000 -1.9021 -0.3633
v  -0.5878 -1.9021 -0.1910
v  -0.6180 -1.9021 0.0000
v  -0.5878 -1.9021 0.1910
v  -0.5000 -1.9021 0.3633
v  -0.3633 -1.9021 0.5000
v  -0.1910 -1.9021 0.5878
v  0.0000 -1.9021 0.6180
v  0.1910 -1.9021 0.5878
v  0.3633 -1.9021 0.5000
v  0.5000 -1.9021 0.3633
v  0.5878 -1.9021 0.1910
v  0.6180 -1.9021 -0.0000
v  0.5878 -1.9021 -0.1910
v  0.5000 -1.9021 -0.3633
v  0.3633 -1.9021 -0.5000
v  0.1910 -1.9021 -0.5878
v  0.0000 -2.0000 -0.0000
# 182 vertices

o Sphere001
g Sphere001
f 1 2 3 
f 1 3 4 
f 1 4 5 
f 1 5 6 
f 1 6 7 
f 1 7 8 
f 1 8 9 
f 1 9 10 
f 1 10 11 
f 1 11 12 
f 1 12 13 
f 1 13 14 
f 1 14 15 
f 1 15 16 
f 1 16 17 
f 1 17 18 
f 1 18 19 
f 1 19 20 
f 1 20 21 
f 1 21 2 
f 23 2 22 
f 2 23 3 
f 4 23 24 
f 23 4 3 
f 5 24 25 
f 24 5 4 
f 25 6 5 
f 6 25 26 
f 6 26 27 
f 6 27 7 
f 27 28 7 
f 7 28 8 
f 29 8 28 
f 8 29 9 
f 10 29 30 
f 29 10 9 
f 31 11 10 
f 31 10 30 
f 12 31 32 
f 31 12 11 
f 12 32 33 
f 12 33 13 
f 33 14 13 
f 14 33 34 
f 35 14 34 
f 14 35 15 
f 36 15 35 
f 15 36 16 
f 17 36 37 
f 36 17 16 
f 18 37 38 
f 37 18 17 
f 39 19 18 
f 18 38 39 
f 19 39 40 
f 19 40 20 
f 40 21 20 
f 21 40 41 
f 41 2 21 
f 2 41 22 
f 43 22 42 
f 22 43 23 
f 24 43 44 
f 43 24 23 
f 25 44 45 
f 44 25 24 
f 45 26 25 
f 26 45 46 
f 27 26 47 
f 26 46 47 
f 47 48 27 
f 27 48 28 
f 48 29 28 
f 29 48 49 
f 49 30 29 
f 30 49 50 
f 51 31 30 
f 51 30 50 
f 32 31 52 
f 31 51 52 
f 32 52 53 
f 32 53 33 
f 53 34 33 
f 34 53 54 
f 55 34 54 
f 34 55 35 
f 56 35 55 
f 35 56 36 
f 37 36 57 
f 36 56 57 
f 38 57 58 
f 57 38 37 
f 39 38 59 
f 38 58 59 
f 59 60 39 
f 39 60 40 
f 60 41 40 
f 41 60 61 
f 42 41 61 
f 41 42 22 
f 62 43 42 
f 43 62 63 
f 63 44 43 
f 44 63 64 
f 64 45 44 
f 45 64 65 
f 46 45 66 
f 45 65 66 
f 47 46 67 
f 46 66 67 
f 67 48 47 
f 48 67 68 
f 68 49 48 
f 49 68 69 
f 70 50 49 
f 49 69 70 
f 51 50 71 
f 50 70 71 
f 52 51 72 
f 51 71 72 
f 72 53 52 
f 53 72 73 
f 73 54 53 
f 54 73 74 
f 75 55 54 
f 54 74 75 
f 56 55 76 
f 55 75 76 
f 57 56 77 
f 56 76 77 
f 77 58 57 
f 58 77 78 
f 78 59 58 
f 59 78 79 
f 80 60 59 
f 59 79 80 
f 61 60 81 
f 60 80 81 
f 42 61 62 
f 61 81 62 
f 63 82 83 
f 82 63 62 
f 64 83 84 
f 83 64 63 
f 65 84 85 
f 84 65 64 
f 66 65 86 
f 65 85 86 
f 67 66 87 
f 66 86 87 
f 68 87 88 
f 87 68 67 
f 69 88 89 
f 88 69 68 
f 70 69 90 
f 69 89 90 
f 71 70 91 
f 70 90 91 
f 72 71 92 
f 71 91 92 
f 73 92 93 
f 92 73 72 
f 74 93 94 
f 93 74 73 
f 75 74 95 
f 74 94 95 
f 76 75 96 
f 75 95 96 
f 77 76 97 
f 76 96 97 
f 78 97 98 
f 97 78 77 
f 79 98 99 
f 98 79 78 
f 80 79 100 
f 79 99 100 
f 81 80 101 
f 80 100 101 
f 62 81 82 
f 81 101 82 
f 83 82 103 
f 82 102 103 
f 84 83 104 
f 83 103 104 
f 85 84 105 
f 84 104 105 
f 86 105 106 
f 105 86 85 
f 87 106 107 
f 106 87 86 
f 88 87 108 
f 87 107 108 
f 89 88 109 
f 88 108 109 
f 90 109 110 
f 109 90 89 
f 91 110 111 
f 110 91 90 
f 92 111 112 
f 111 92 91 
f 93 92 113 
f 92 112 113 
f 94 93 114 
f 93 113 114 
f 95 114 115 
f 114 95 94 
f 96 115 116 
f 115 96 95 
f 97 116 117 
f 116 97 96 
f 98 97 118 
f 97 117 118 
f 99 98 119 
f 98 118 119 
f 100 119 120 
f 119 100 99 
f 101 120 121 
f 120 101 100 
f 82 121 102 
f 121 82 101 
f 103 102 123 
f 102 122 123 
f 104 103 124 
f 103 123 124 
f 125 105 104 
f 104 124 125 
f 106 125 126 
f 125 106 105 
f 107 126 127 
f 126 107 106 
f 108 107 128 
f 107 127 128 
f 109 108 129 
f 108 128 129 
f 129 110 109 
f 110 129 130 
f 111 130 131 
f 130 111 110 
f 112 131 132 
f 131 112 111 
f 113 112 133 
f 112 132 133 
f 114 113 134 
f 113 133 134 
f 134 115 114 
f 115 134 135 
f 116 135 136 
f 135 116 115 
f 117 136 137 
f 136 117 116 
f 118 117 138 
f 117 137 138 
f 119 118 139 
f 118 138 139 
f 139 120 119 
f 120 139 140 
f 121 140 141 
f 140 121 120 
f 102 141 122 
f 141 102 121 
f 123 122 143 
f 122 142 143 
f 144 123 143 
f 123 144 124 
f 125 124 145 
f 124 144 145 
f 126 125 146 
f 125 145 146 
f 127 146 147 
f 146 127 126 
f 128 127 148 
f 127 147 148 
f 128 149 129 
f 149 128 148 
f 150 129 149 
f 129 150 130 
f 150 131 130 
f 131 150 151 
f 132 151 152 
f 151 132 131 
f 133 132 153 
f 132 152 153 
f 154 134 133 
f 154 133 153 
f 135 154 155 
f 154 135 134 
f 155 136 135 
f 136 155 156 
f 137 156 157 
f 156 137 136 
f 138 137 158 
f 137 157 158 
f 139 158 159 
f 158 139 138 
f 140 159 160 
f 159 140 139 
f 161 141 140 
f 161 140 160 
f 122 161 142 
f 161 122 141 
f 162 143 142 
f 143 162 163 
f 164 143 163 
f 143 164 144 
f 144 164 165 
f 144 165 145 
f 166 146 145 
f 145 165 166 
f 147 166 167 
f 166 147 146 
f 148 167 168 
f 167 148 147 
f 148 169 149 
f 169 148 168 
f 170 149 169 
f 149 170 150 
f 170 151 150 
f 151 170 171 
f 152 151 172 
f 151 171 172 
f 153 172 173 
f 172 153 152 
f 174 154 153 
f 174 153 173 
f 155 174 175 
f 174 155 154 
f 156 175 176 
f 175 156 155 
f 177 156 176 
f 156 177 157 
f 178 157 177 
f 157 178 158 
f 159 178 179 
f 178 159 158 
f 160 179 180 
f 179 160 159 
f 181 161 160 
f 181 160 180 
f 142 181 162 
f 181 142 161 
f 182 163 162 
f 182 164 163 
f 182 165 164 
f 182 166 165 
f 182 167 166 
f 182 168 167 
f 182 169 168 
f 182 170 169 
f 182 171 170 
f 182 172 171 
f 182 173 172 
f 182 174 173 
f 182 175 174 
f 182 176 175 
f 182 177 176 
f 182 178 177 
f 182 179 178 
f 182 180 179 
f 182 181 180 
f 182 162 181 
# 360 faces

