Vertex Count: 294

Data:

1.60589 1.47908 3.82316 0.480581 0.275894 -0.557904 0.760056 0.333253
0.001008 1.35241 3.82316 0.25 0.275894 -4.5e-005 0.944957 0.327194
1.69022 1.34969 -3.1694 0.480581 0.997509 -0.500892 0.788506 0.356884
0.001008 4.44968 -5.65031 0.25 0.275894 -3.2e-005 0.758003 0.652251
1.69022 1.34969 -3.1694 0.480581 0.997509 -0.500892 0.788506 0.356884
0.001008 1.33846 -3.15853 0.25 0.997509 -3e-006 0.901852 0.432046
1.69022 1.34969 -3.1694 0.480581 0.997509 -0.500892 0.788506 0.356884
0.001008 4.44968 -5.65031 0.25 0.275894 -3.2e-005 0.758003 0.652251
1.73371 4.57589 -5.65432 0.480581 0.275894 -0.542787 0.577186 0.610114
1.65221 0.022332 5.57358 0.480581 0.003885 -0.403701 0.696556 0.593156
0.001008 0 5.56889 0.25 0.003885 -1.4e-005 0.790531 0.612422
0.001008 1.35241 3.82316 0.25 0.275894 -4.5e-005 0.944957 0.327194
0.001008 4.44968 -5.65031 0.25 0.275894 -3.2e-005 0.758003 0.652251
0.001008 4.53367 -5.8212 0.25 0.005386 -0 0.897474 0.441068
1.72887 4.66925 -5.7993 0.480581 0.005386 -0.06792 0.868117 0.491691
1.65221 0.022332 5.57358 0.480581 0.003885 -0.403701 0.696556 0.593156
0.001008 1.35241 3.82316 0.25 0.275894 -4.5e-005 0.944957 0.327194
1.60589 1.47908 3.82316 0.480581 0.275894 -0.557904 0.760056 0.333253
0.001008 4.44968 -5.65031 0.25 0.275894 -3.2e-005 0.758003 0.652251
1.72887 4.66925 -5.7993 0.480581 0.005386 -0.06792 0.868117 0.491691
1.73371 4.57589 -5.65432 0.480581 0.275894 -0.542787 0.577186 0.610114
0.001008 1.35241 3.82316 0.25 0.275894 -4.5e-005 0.944957 0.327194
-1.69151 1.34969 -3.1694 0.003277 0.997509 0.498081 0.789908 0.357717
0.001008 1.33846 -3.15853 0.25 0.997509 -3e-006 0.901852 0.432046
0.001008 1.35241 3.82316 0.25 0.275894 -4.5e-005 0.944957 0.327194
-1.60737 1.47908 3.82316 0.003277 0.275894 0.555557 0.761454 0.333982
-1.69151 1.34969 -3.1694 0.003277 0.997509 0.498081 0.789908 0.357717
-1.69151 1.34969 -3.1694 0.003277 0.997509 0.498081 0.789908 0.357717
0.001008 4.44968 -5.65031 0.25 0.275894 -3.2e-005 0.758003 0.652251
0.001008 1.33846 -3.15853 0.25 0.997509 -3e-006 0.901852 0.432046
0.001008 4.44968 -5.65031 0.25 0.275894 -3.2e-005 0.758003 0.652251
-1.69151 1.34969 -3.1694 0.003277 0.997509 0.498081 0.789908 0.357717
-1.73519 4.57589 -5.65432 0.003277 0.275894 0.539887 0.578605 0.611341
0.001008 0 5.56889 0.25 0.003885 -1.4e-005 0.790531 0.612422
-1.65384 0.022332 5.57358 0.003277 0.003885 0.401789 0.697162 0.593743
0.001008 1.35241 3.82316 0.25 0.275894 -4.5e-005 0.944957 0.327194
0.001008 4.53367 -5.8212 0.25 0.005386 -0 0.897474 0.441068
0.001008 4.44968 -5.65031 0.25 0.275894 -3.2e-005 0.758003 0.652251
-1.72686 4.66925 -5.7993 0.003277 0.005386 0.067838 0.867825 0.492216
0.001008 1.35241 3.82316 0.25 0.275894 -4.5e-005 0.944957 0.327194
-1.65384 0.022332 5.57358 0.003277 0.003885 0.401789 0.697162 0.593743
-1.60737 1.47908 3.82316 0.003277 0.275894 0.555557 0.761454 0.333982
-1.72686 4.66925 -5.7993 0.003277 0.005386 0.067838 0.867825 0.492216
0.001008 4.44968 -5.65031 0.25 0.275894 -3.2e-005 0.758003 0.652251
-1.73519 4.57589 -5.65432 0.003277 0.275894 0.539887 0.578605 0.611341
1.93474 1.85902 4.1108 0.850384 0.015071 -0.805436 0.578266 0.129927
1.69022 1.34969 -3.1694 0.695766 0.986799 -0.500892 0.788506 0.356884
1.93474 1.6624 -2.83849 0.86056 0.986799 -0.857463 0.483118 0.177069
1.93474 1.85902 4.1108 0.850384 0.015071 -0.805436 0.578266 0.129927
1.60589 1.47908 3.82316 0.695766 0.015071 -0.557904 0.760056 0.333253
1.69022 1.34969 -3.1694 0.695766 0.986799 -0.500892 0.788506 0.356884
1.60589 1.47908 3.82316 0.695766 0.015071 -0.006403 -0.942912 -0.33298
2.18072 1.34969 -3.17261 0.991117 0.986799 -0.003134 -0.901318 -0.433147
1.69022 1.34969 -3.1694 0.695766 0.986799 -0.002838 -0.901308 -0.433169
1.60589 1.47908 3.82316 0.695766 0.015071 -0.006403 -0.942912 -0.33298
2.26485 1.47908 3.82316 0.991117 0.015071 -0 -0.94227 -0.334854
2.18072 1.34969 -3.17261 0.991117 0.986799 -0.003134 -0.901318 -0.433147
2.26485 1.47908 3.82316 0.991117 0.015071 0.806816 0.565243 0.171898
1.93474 1.6624 -2.83849 0.86056 0.986799 0.789314 0.556631 0.259123
2.18072 1.34969 -3.17261 0.991117 0.986799 0.861038 0.470126 0.193896
2.26485 1.47908 3.82316 0.991117 0.015071 0.806816 0.565243 0.171898
1.93474 1.85902 4.1108 0.850384 0.015071 0.804214 0.569156 0.171177
1.93474 1.6624 -2.83849 0.86056 0.986799 0.789314 0.556631 0.259123
1.93474 1.6624 -2.83849 0.608817 0.0795 0.789314 0.556631 0.259123
2.2991 4.57542 -5.65833 0.681778 0.8 0.695437 0.436258 0.571004
2.18072 1.34969 -3.17261 0.670317 0.0756 0.861038 0.470126 0.193896
2.2991 4.57542 -5.65833 0.681778 0.8 0.695437 0.436258 0.571004
1.93474 1.6624 -2.83849 0.608817 0.0795 0.789314 0.556631 0.259123
1.93474 4.75525 -5.47609 0.603023 0.8 -0.14484 0.596283 0.7896
2.18072 1.34969 -3.17261 0.670317 0.0756 -0.003134 -0.901318 -0.433147
1.73371 4.57589 -5.65432 0.503023 0.8 -0.004336 -0.62204 -0.782974
1.69022 1.34969 -3.1694 0.552398 0.029046 -0.002838 -0.901308 -0.433169
1.73371 4.57589 -5.65432 0.503023 0.8 -0.004336 -0.62204 -0.782974
2.18072 1.34969 -3.17261 0.670317 0.0756 -0.003134 -0.901318 -0.433147
2.2991 4.57542 -5.65833 0.681778 0.8 -0.006076 -0.621063 -0.783737
1.93474 4.75525 -5.47609 0.603023 0.8 -0.36158 0.56806 0.739302
1.69022 1.34969 -3.1694 0.552398 0.029046 -0.500892 0.788506 0.356884
1.73371 4.57589 -5.65432 0.503023 0.8 -0.542787 0.577186 0.610114
1.93474 4.75525 -5.47609 0.603023 0.8 -0.817066 0.363252 0.447717
1.93474 1.6624 -2.83849 0.608817 0.0795 -0.857463 0.483118 0.177069
1.69022 1.34969 -3.1694 0.552398 0.029046 -0.500892 0.788506 0.356884
1.9682 5.18179 -5.76396 0.603023 0.920724 -0.096085 0.822458 0.560653
2.2991 4.57542 -5.65833 0.681778 0.8 0.695437 0.436258 0.571004
1.93474 4.75525 -5.47609 0.603023 0.8 -0.14484 0.596283 0.7896
2.26132 5.06068 -6.05355 0.660203 0.935896 0.450411 0.888846 0.084157
2.2991 4.57542 -5.65833 0.681778 0.8 0.695437 0.436258 0.571004
1.9682 5.18179 -5.76396 0.603023 0.920724 0.534853 0.768525 0.351143
2.26132 5.06068 -6.05355 0.660203 0.935896 -0.003012 -0.633741 -0.773539
1.73371 4.57589 -5.65432 0.503023 0.8 -0.004336 -0.62204 -0.782974
2.2991 4.57542 -5.65833 0.681778 0.8 -0.006076 -0.621063 -0.783737
1.74309 5.06068 -6.05355 0.516873 0.935896 -0 -0.635699 -0.771937
1.73371 4.57589 -5.65432 0.503023 0.8 -0.004336 -0.62204 -0.782974
2.26132 5.06068 -6.05355 0.660203 0.935896 -0.003012 -0.633741 -0.773539
1.73371 4.57589 -5.65432 0.503023 0.8 -0.542787 0.577186 0.610114
1.9682 5.18179 -5.76396 0.603023 0.920724 -0.37856 0.796706 0.471118
1.93474 4.75525 -5.47609 0.603023 0.8 -0.36158 0.56806 0.739302
1.9682 5.18179 -5.76396 0.603023 0.920724 -0.37856 0.796706 0.471118
1.73371 4.57589 -5.65432 0.503023 0.8 -0.542787 0.577186 0.610114
1.74309 5.06068 -6.05355 0.516873 0.935896 -0.518726 0.853693 0.046166
1.74309 5.06068 -6.05355 0.516873 0.935896 -0.518726 0.853693 0.046166
2.26132 5.06068 -6.05355 0.660203 0.935896 0.450411 0.888846 0.084157
1.9682 5.18179 -5.76396 0.603023 0.920724 -0.096085 0.822458 0.560653
2.00764 0.896644 5.16015 0.595289 0.515291 -0.751179 0.475777 0.457566
1.60589 1.47908 3.82316 0.518827 0.936772 -0.557904 0.760056 0.333253
1.93474 1.85902 4.1108 0.595289 0.920744 -0.805436 0.578266 0.129927
1.60589 1.47908 3.82316 0.518827 0.936772 -0.006403 -0.942912 -0.33298
2.34025 0.013423 5.55834 0.667493 0.084563 -0.012056 -0.766397 -0.642254
2.26485 1.47908 3.82316 0.660125 0.932477 -0 -0.94227 -0.334854
1.60589 1.47908 3.82316 0.518827 0.936772 -0.006403 -0.942912 -0.33298
1.65221 0.022332 5.57358 0.547215 0.038987 -0.024109 -0.768728 -0.639121
2.34025 0.013423 5.55834 0.667493 0.084563 -0.012056 -0.766397 -0.642254
2.26485 1.47908 3.82316 0.660125 0.932477 0.806816 0.565243 0.171898
2.00764 0.896644 5.16015 0.595289 0.515291 0.78503 0.470215 0.403268
1.93474 1.85902 4.1108 0.595289 0.920744 0.804214 0.569156 0.171177
2.26485 1.47908 3.82316 0.660125 0.932477 0.806816 0.565243 0.171898
2.34025 0.013423 5.55834 0.667493 0.084563 0.76518 0.481063 0.427875
2.00764 0.896644 5.16015 0.595289 0.515291 0.78503 0.470215 0.403268
1.65221 0.022332 5.57358 0.547215 0.038987 -0.403701 0.696556 0.593156
2.00764 0.896644 5.16015 0.595289 0.515291 -0.751179 0.475777 0.457566
1.99871 0.013423 6.05355 0.606013 0.081882 -0.688291 0.519317 0.506523
2.00764 0.896644 5.16015 0.595289 0.515291 -0.751179 0.475777 0.457566
1.65221 0.022332 5.57358 0.547215 0.038987 -0.403701 0.696556 0.593156
1.60589 1.47908 3.82316 0.518827 0.936772 -0.557904 0.760056 0.333253
2.00764 0.896644 5.16015 0.595289 0.515291 0.78503 0.470215 0.403268
2.34025 0.013423 5.55834 0.667493 0.084563 0.76518 0.481063 0.427875
1.99871 0.013423 6.05355 0.606013 0.081882 0.716412 0.492557 0.494106
-1.69151 1.34969 -3.1694 0.695766 0.986799 0.498081 0.789908 0.357717
-1.93932 1.85902 4.1108 0.850384 0.015071 0.802377 0.582325 0.130721
-1.93932 1.6624 -2.83849 0.86056 0.986799 0.854464 0.487685 0.179038
-1.60737 1.47908 3.82316 0.695766 0.015071 0.555557 0.761454 0.333982
-1.93932 1.85902 4.1108 0.850384 0.015071 0.802377 0.582325 0.130721
-1.69151 1.34969 -3.1694 0.695766 0.986799 0.498081 0.789908 0.357717
-2.1853 1.34969 -3.17261 0.991117 0.986799 0.003115 -0.901318 -0.433147
-1.60737 1.47908 3.82316 0.695766 0.015071 0.006376 -0.942912 -0.332981
-1.69151 1.34969 -3.1694 0.695766 0.986799 0.002819 -0.901308 -0.433169
-2.26943 1.47908 3.82316 0.991117 0.015071 -0 -0.94227 -0.334854
-1.60737 1.47908 3.82316 0.695766 0.015071 0.006376 -0.942912 -0.332981
-2.1853 1.34969 -3.17261 0.991117 0.986799 0.003115 -0.901318 -0.433147
-1.93932 1.6624 -2.83849 0.86056 0.986799 -0.789315 0.556631 0.259123
-2.26943 1.47908 3.82316 0.991117 0.015071 -0.806815 0.565244 0.171898
-2.1853 1.34969 -3.17261 0.991117 0.986799 -0.861038 0.470126 0.193896
-1.93932 1.85902 4.1108 0.850384 0.015071 -0.804214 0.569156 0.171177
-2.26943 1.47908 3.82316 0.991117 0.015071 -0.806815 0.565244 0.171898
-1.93932 1.6624 -2.83849 0.86056 0.986799 -0.789315 0.556631 0.259123
-2.30368 4.57542 -5.65833 0.681778 0.8 -0.695439 0.436255 0.571004
-1.93932 1.6624 -2.83849 0.608817 0.0795 -0.789315 0.556631 0.259123
-2.1853 1.34969 -3.17261 0.670317 0.0756 -0.861038 0.470126 0.193896
-1.93932 1.6624 -2.83849 0.608817 0.0795 -0.789315 0.556631 0.259123
-2.30368 4.57542 -5.65833 0.681778 0.8 -0.695439 0.436255 0.571004
-1.93932 4.75525 -5.47609 0.603023 0.8 0.141108 0.596451 0.790149
-1.73519 4.57589 -5.65432 0.503023 0.8 0.004311 -0.62204 -0.782974
-2.1853 1.34969 -3.17261 0.670317 0.0756 0.003115 -0.901318 -0.433147
-1.69151 1.34969 -3.1694 0.552398 0.029046 0.002819 -0.901308 -0.433169
-2.1853 1.34969 -3.17261 0.670317 0.0756 0.003115 -0.901318 -0.433147
-1.73519 4.57589 -5.65432 0.503023 0.8 0.004311 -0.62204 -0.782974
-2.30368 4.57542 -5.65833 0.681778 0.8 0.006043 -0.621063 -0.783738
-1.69151 1.34969 -3.1694 0.552398 0.029046 0.498081 0.789908 0.357717
-1.93932 4.75525 -5.47609 0.603023 0.8 0.357113 0.569015 0.740738
-1.73519 4.57589 -5.65432 0.503023 0.8 0.539887 0.578605 0.611341
-1.93932 1.6624 -2.83849 0.608817 0.0795 0.854464 0.487685 0.179038
-1.93932 4.75525 -5.47609 0.603023 0.8 0.813079 0.366563 0.452255
-1.69151 1.34969 -3.1694 0.552398 0.029046 0.498081 0.789908 0.357717
-2.30368 4.57542 -5.65833 0.681778 0.8 -0.695439 0.436255 0.571004
-1.97278 5.18179 -5.76396 0.603023 0.920724 0.094199 0.822803 0.560466
-1.93932 4.75525 -5.47609 0.603023 0.8 0.141108 0.596451 0.790149
-2.30368 4.57542 -5.65833 0.681778 0.8 -0.695439 0.436255 0.571004
-2.2659 5.06068 -6.05355 0.660203 0.935896 -0.450416 0.888844 0.084153
-1.97278 5.18179 -5.76396 0.603023 0.920724 -0.534857 0.768522 0.351143
-1.73519 4.57589 -5.65432 0.503023 0.8 0.004311 -0.62204 -0.782974
-2.2659 5.06068 -6.05355 0.660203 0.935896 0.002996 -0.63374 -0.77354
-2.30368 4.57542 -5.65833 0.681778 0.8 0.006043 -0.621063 -0.783738
-1.73519 4.57589 -5.65432 0.503023 0.8 0.004311 -0.62204 -0.782974
-1.74768 5.06068 -6.05355 0.516873 0.935896 0 -0.6357 -0.771937
-2.2659 5.06068 -6.05355 0.660203 0.935896 0.002996 -0.63374 -0.77354
-1.97278 5.18179 -5.76396 0.603023 0.920724 0.375903 0.797759 0.471463
-1.73519 4.57589 -5.65432 0.503023 0.8 0.539887 0.578605 0.611341
-1.93932 4.75525 -5.47609 0.603023 0.8 0.357113 0.569015 0.740738
-1.73519 4.57589 -5.65432 0.503023 0.8 0.539887 0.578605 0.611341
-1.97278 5.18179 -5.76396 0.603023 0.920724 0.375903 0.797759 0.471463
-1.74768 5.06068 -6.05355 0.516873 0.935896 0.517457 0.854534 0.044828
-2.2659 5.06068 -6.05355 0.660203 0.935896 -0.450416 0.888844 0.084153
-1.74768 5.06068 -6.05355 0.516873 0.935896 0.517457 0.854534 0.044828
-1.97278 5.18179 -5.76396 0.603023 0.920724 0.094199 0.822803 0.560466
-1.60737 1.47908 3.82316 0.518827 0.936772 0.555557 0.761454 0.333982
-2.01221 0.896644 5.16015 0.595289 0.515291 0.748407 0.478126 0.459655
-1.93932 1.85902 4.1108 0.595289 0.920744 0.802377 0.582325 0.130721
-2.34484 0.013423 5.55834 0.667493 0.084563 0.012004 -0.766398 -0.642254
-1.60737 1.47908 3.82316 0.518827 0.936772 0.006376 -0.942912 -0.332981
-2.26943 1.47908 3.82316 0.660125 0.932477 -0 -0.94227 -0.334854
-1.65384 0.022332 5.57358 0.547215 0.038987 0.024006 -0.76873 -0.639123
-1.60737 1.47908 3.82316 0.518827 0.936772 0.006376 -0.942912 -0.332981
-2.34484 0.013423 5.55834 0.667493 0.084563 0.012004 -0.766398 -0.642254
-2.01221 0.896644 5.16015 0.595289 0.515291 -0.785027 0.470219 0.40327
-2.26943 1.47908 3.82316 0.660125 0.932477 -0.806815 0.565244 0.171898
-1.93932 1.85902 4.1108 0.595289 0.920744 -0.804214 0.569156 0.171177
-2.34484 0.013423 5.55834 0.667493 0.084563 -0.765175 0.481068 0.427878
-2.26943 1.47908 3.82316 0.660125 0.932477 -0.806815 0.565244 0.171898
-2.01221 0.896644 5.16015 0.595289 0.515291 -0.785027 0.470219 0.40327
-2.01221 0.896644 5.16015 0.595289 0.515291 0.748407 0.478126 0.459655
-1.65384 0.022332 5.57358 0.547215 0.038987 0.401789 0.697162 0.593743
-2.00329 0.013423 6.05355 0.606013 0.081882 0.685241 0.521351 0.508564
-1.65384 0.022332 5.57358 0.547215 0.038987 0.401789 0.697162 0.593743
-2.01221 0.896644 5.16015 0.595289 0.515291 0.748407 0.478126 0.459655
-1.60737 1.47908 3.82316 0.518827 0.936772 0.555557 0.761454 0.333982
-2.34484 0.013423 5.55834 0.667493 0.084563 -0.765175 0.481068 0.427878
-2.01221 0.896644 5.16015 0.595289 0.515291 -0.785027 0.470219 0.40327
-2.00329 0.013423 6.05355 0.606013 0.081882 -0.716406 0.492562 0.494111
-1.8996 1.45693 -2.37218 0.996595 0.295754 -0.899958 -0.154971 0.407505
-1.69385 0.000562 -2.47166 0.990777 0.65614 -0.785223 -0.141531 0.602821
-2.0409 1.46003 -2.49469 0.897769 0.29547 -0.563662 -0.121138 0.817074
-1.69385 0.000562 -2.47166 0.990777 0.65614 -0.785223 -0.141531 0.602821
-2.22971 0.007805 -2.75786 0.891951 0.655857 -0.469889 -0.09789 0.877281
-2.0409 1.46003 -2.49469 0.897769 0.29547 -0.563662 -0.121138 0.817074
-2.0409 1.46003 -2.49469 0.897769 0.29547 -0.642214 0.216741 -0.735244
-2.22971 0.007805 -2.75786 0.891951 0.655857 -0.556848 0.204133 -0.805139
-1.8996 1.46313 -2.6172 0.813308 0.295251 -0.790303 0.100287 -0.604453
-2.22971 0.007805 -2.75786 0.891951 0.655857 -0.556848 0.204133 -0.805139
-1.69385 0.015043 -3.04407 0.80749 0.655638 -0.464616 0.189008 -0.865106
-1.8996 1.46313 -2.6172 0.813308 0.295251 -0.790303 0.100287 -0.604453
-1.8996 1.46313 -2.6172 0.813308 0.295251 0.990195 0.139645 0.003533
-1.69385 0.015043 -3.04407 0.80749 0.655638 0.990195 0.139645 0.003533
-1.69385 0.000562 -2.47166 0.70584 0.655374 0.990195 0.139645 0.003533
-1.8996 1.45693 -2.37218 0.711658 0.294987 -0.899958 -0.154971 0.407505
-1.69385 0.000562 -2.47166 0.70584 0.655374 -0.785223 -0.141531 0.602821
-1.8996 1.46313 -2.6172 0.813308 0.295251 -0.790303 0.100287 -0.604453
1.98302 1.46003 -2.49469 0.897769 0.29547 0.563672 -0.121138 0.817068
1.63598 0.000562 -2.47166 0.990777 0.65614 0.563672 -0.121138 0.817068
1.84172 1.45693 -2.37218 0.996595 0.295754 0.650148 -0.142818 0.746264
1.98302 1.46003 -2.49469 0.897769 0.29547 0.563672 -0.121138 0.817068
2.17184 0.007805 -2.75786 0.891951 0.655857 0.469889 -0.097888 0.877281
1.63598 0.000562 -2.47166 0.990777 0.65614 0.563672 -0.121138 0.817068
1.84172 1.46313 -2.6172 0.813308 0.295251 0.556857 0.204135 -0.805133
2.17184 0.007805 -2.75786 0.891951 0.655857 0.556857 0.204135 -0.805133
1.98302 1.46003 -2.49469 0.897769 0.29547 0.642231 0.216744 -0.735229
1.84172 1.46313 -2.6172 0.813308 0.295251 0.556857 0.204135 -0.805133
1.63598 0.015043 -3.04407 0.80749 0.655638 0.464616 0.189008 -0.865106
2.17184 0.007805 -2.75786 0.891951 0.655857 0.556857 0.204135 -0.805133
1.63598 0.000562 -2.47166 0.70584 0.655374 -0.990195 0.139645 0.003533
1.63598 0.015043 -3.04407 0.80749 0.655638 -0.990195 0.139645 0.003533
1.84172 1.46313 -2.6172 0.813308 0.295251 -0.990195 0.139645 0.003533
1.63598 0.000562 -2.47166 0.70584 0.655374 -0.990195 0.139645 0.003533
1.84172 1.46313 -2.6172 0.813308 0.295251 -0.990195 0.139645 0.003533
1.84172 1.45693 -2.37218 0.711658 0.294987 -0.990195 0.139645 0.003533
1.69022 1.34969 -3.1694 0.480581 0.997509 -0.500892 0.788506 0.356884
0.001008 1.35241 3.82316 0.25 0.275894 -4.5e-005 0.944957 0.327194
0.001008 1.33846 -3.15853 0.25 0.997509 -3e-006 0.901852 0.432046
1.69022 1.34969 -3.1694 0.480581 0.997509 0.035429 -0.901055 -0.432256
0.001008 1.35241 3.82316 0.25 0.275894 4.5e-005 -0.944957 -0.327194
1.60589 1.47908 3.82316 0.480581 0.275894 0.074255 -0.940759 -0.330846
0.001008 1.33846 -3.15853 0.25 0.997509 3e-006 -0.901852 -0.432046
1.69022 1.34969 -3.1694 0.480581 0.997509 0.035429 -0.901055 -0.432256
0.001008 4.44968 -5.65031 0.25 0.275894 3.2e-005 -0.758004 -0.65225
1.73371 4.57589 -5.65432 0.480581 0.275894 0.051954 -0.734775 -0.676318
0.001008 4.44968 -5.65031 0.25 0.275894 3.2e-005 -0.758004 -0.65225
1.69022 1.34969 -3.1694 0.480581 0.997509 0.035429 -0.901055 -0.432256
0.001008 1.35241 3.82316 0.25 0.275894 4.5e-005 -0.944957 -0.327194
0.001008 0 5.56889 0.25 0.003885 1.4e-005 -0.790531 -0.612422
1.65221 0.022332 5.57358 0.480581 0.003885 0.036479 -0.778809 -0.6262
1.72887 4.66925 -5.7993 0.480581 0.005386 0.06792 -0.868117 -0.49169
0.001008 4.53367 -5.8212 0.25 0.005386 0 -0.897473 -0.441069
0.001008 4.44968 -5.65031 0.25 0.275894 3.2e-005 -0.758004 -0.65225
1.60589 1.47908 3.82316 0.480581 0.275894 0.074255 -0.940759 -0.330846
0.001008 1.35241 3.82316 0.25 0.275894 4.5e-005 -0.944957 -0.327194
1.65221 0.022332 5.57358 0.480581 0.003885 0.036479 -0.778809 -0.6262
1.73371 4.57589 -5.65432 0.480581 0.275894 0.051954 -0.734775 -0.676318
1.72887 4.66925 -5.7993 0.480581 0.005386 0.06792 -0.868117 -0.49169
0.001008 4.44968 -5.65031 0.25 0.275894 3.2e-005 -0.758004 -0.65225
0.001008 1.33846 -3.15853 0.25 0.997509 3e-006 -0.901852 -0.432046
-1.69151 1.34969 -3.1694 0.003277 0.997509 -0.035355 -0.901057 -0.432257
0.001008 1.35241 3.82316 0.25 0.275894 4.5e-005 -0.944957 -0.327194
-1.69151 1.34969 -3.1694 0.003277 0.997509 -0.035355 -0.901057 -0.432257
-1.60737 1.47908 3.82316 0.003277 0.275894 -0.074094 -0.94077 -0.330851
0.001008 1.35241 3.82316 0.25 0.275894 4.5e-005 -0.944957 -0.327194
0.001008 1.33846 -3.15853 0.25 0.997509 3e-006 -0.901852 -0.432046
0.001008 4.44968 -5.65031 0.25 0.275894 3.2e-005 -0.758004 -0.65225
-1.69151 1.34969 -3.1694 0.003277 0.997509 -0.035355 -0.901057 -0.432257
-1.73519 4.57589 -5.65432 0.003277 0.275894 -0.051819 -0.734374 -0.676764
-1.69151 1.34969 -3.1694 0.003277 0.997509 -0.035355 -0.901057 -0.432257
0.001008 4.44968 -5.65031 0.25 0.275894 3.2e-005 -0.758004 -0.65225
0.001008 1.35241 3.82316 0.25 0.275894 4.5e-005 -0.944957 -0.327194
-1.65384 0.022332 5.57358 0.003277 0.003885 -0.036399 -0.77881 -0.626202
0.001008 0 5.56889 0.25 0.003885 1.4e-005 -0.790531 -0.612422
-1.72686 4.66925 -5.7993 0.003277 0.005386 -0.067838 -0.867826 -0.492216
0.001008 4.44968 -5.65031 0.25 0.275894 3.2e-005 -0.758004 -0.65225
0.001008 4.53367 -5.8212 0.25 0.005386 0 -0.897473 -0.441069
-1.60737 1.47908 3.82316 0.003277 0.275894 -0.074094 -0.94077 -0.330851
-1.65384 0.022332 5.57358 0.003277 0.003885 -0.036399 -0.77881 -0.626202
0.001008 1.35241 3.82316 0.25 0.275894 4.5e-005 -0.944957 -0.327194
-1.73519 4.57589 -5.65432 0.003277 0.275894 -0.051819 -0.734374 -0.676764
0.001008 4.44968 -5.65031 0.25 0.275894 3.2e-005 -0.758004 -0.65225
-1.72686 4.66925 -5.7993 0.003277 0.005386 -0.067838 -0.867826 -0.492216
0.001008 1.33846 -3.15853 0.25 0.997509 3e-006 -0.901852 -0.432046
0.001008 1.35241 3.82316 0.25 0.275894 4.5e-005 -0.944957 -0.327194
1.69022 1.34969 -3.1694 0.480581 0.997509 0.035429 -0.901055 -0.432256
